7.7e+01    2.2e+01    1.5e+01    1.9e+01    2.2e+01    1.6e+01    5.4e+00    1.2e+01    8.6e+00    9.2e+00    1.3e+01    1.4e+01    8.0e+00    6.8e+00    7.6e+00    7.0e+00    1.5e+01    5.6e+00    1.2e+01    9.2e+00
0.0e+00    7.1e+01    2.6e+01    1.1e+01    3.2e+00    2.2e+00    5.0e+00    4.0e+00    4.4e+00    4.4e+00    7.2e+00    1.1e+01    7.4e+00    8.2e+00    9.4e+00    9.6e+00    1.0e+01    7.2e+00    7.6e+00    7.6e+00
0.0e+00    0.0e+00    4.8e+01    4.6e+00    6.0e+00    1.6e+00    5.8e+00    9.8e+00    4.0e+00    1.6e+00    4.6e+00    3.0e+00    6.0e+00    4.2e+00    3.4e+00    2.2e+00    7.6e+00    3.0e+00    3.4e+00    3.0e+00
0.0e+00    0.0e+00    0.0e+00    5.6e+01    8.8e+00    2.2e+01    4.4e+00    1.4e+00    2.0e+00    3.2e+00    7.4e+00    2.8e+00    5.4e+00    2.4e+00    1.8e+00    4.6e+00    4.0e+00    4.2e+00    5.8e+00    5.0e+00
0.0e+00    0.0e+00    0.0e+00    0.0e+00    6.5e+01    5.2e+01    3.8e+01    2.2e+01    3.1e+01    2.0e+01    2.1e+01    2.3e+01    1.4e+01    1.2e+01    1.2e+01    2.0e+01    1.2e+01    1.4e+01    1.2e+01    1.5e+01
0.0e+00    0.0e+00    0.0e+00    0.0e+00    0.0e+00    4.0e+01    1.9e+01    5.8e+00    1.3e+01    2.4e+00    4.4e+00    3.2e+00    3.6e+00    3.4e+00    1.4e+00    2.8e+00    3.0e+00    5.6e+00    5.8e+00    3.8e+00
0.0e+00    0.0e+00    0.0e+00    0.0e+00    0.0e+00    0.0e+00    3.8e+01    2.3e+01    2.2e+01    1.3e+01    6.2e+00    8.6e+00    7.8e+00    9.4e+00    3.2e+00    2.6e+00    2.4e+00    4.2e+00    2.8e+00    3.4e+00
0.0e+00    0.0e+00    0.0e+00    0.0e+00    0.0e+00    0.0e+00    0.0e+00    5.5e+01    3.1e+01    1.4e+01    4.4e+00    1.1e+01    9.4e+00    7.6e+00    8.2e+00    1.0e+01    2.8e+00    9.4e+00    2.8e+00    2.8e+00
0.0e+00    0.0e+00    0.0e+00    0.0e+00    0.0e+00    0.0e+00    0.0e+00    0.0e+00    3.7e+01    1.4e+01    9.2e+00    4.4e+00    2.4e+00    4.2e+00    2.2e+00    1.6e+00    1.0e+00    4.2e+00    2.8e+00    8.0e-01
0.0e+00    0.0e+00    0.0e+00    0.0e+00    0.0e+00    0.0e+00    0.0e+00    0.0e+00    0.0e+00    5.8e+01    2.1e+01    1.3e+01    8.6e+00    1.2e+01    5.2e+00    4.0e+00    6.8e+00    3.6e+00    5.2e+00    5.4e+00
0.0e+00    0.0e+00    0.0e+00    0.0e+00    0.0e+00    0.0e+00    0.0e+00    0.0e+00    0.0e+00    0.0e+00    5.0e+01    4.0e+01    1.7e+01    1.3e+01    9.6e+00    1.3e+01    1.2e+01    8.6e+00    1.2e+01    1.1e+01
0.0e+00    0.0e+00    0.0e+00    0.0e+00    0.0e+00    0.0e+00    0.0e+00    0.0e+00    0.0e+00    0.0e+00    0.0e+00    2.0e+01    1.3e+01    7.2e+00    1.1e+01    7.4e+00    1.1e+01    4.4e+00    5.4e+00    3.8e+00
0.0e+00    0.0e+00    0.0e+00    0.0e+00    0.0e+00    0.0e+00    0.0e+00    0.0e+00    0.0e+00    0.0e+00    0.0e+00    0.0e+00    4.6e+01    3.3e+01    3.2e+01    2.7e+01    2.2e+01    2.8e+01    2.8e+01    2.8e+01
0.0e+00    0.0e+00    0.0e+00    0.0e+00    0.0e+00    0.0e+00    0.0e+00    0.0e+00    0.0e+00    0.0e+00    0.0e+00    0.0e+00    0.0e+00    2.7e+01    1.9e+01    1.3e+01    1.2e+01    6.4e+00    5.2e+00    8.8e+00
0.0e+00    0.0e+00    0.0e+00    0.0e+00    0.0e+00    0.0e+00    0.0e+00    0.0e+00    0.0e+00    0.0e+00    0.0e+00    0.0e+00    0.0e+00    0.0e+00    1.7e+01    1.2e+01    8.6e+00    4.6e+00    4.2e+00    8.6e+00
0.0e+00    0.0e+00    0.0e+00    0.0e+00    0.0e+00    0.0e+00    0.0e+00    0.0e+00    0.0e+00    0.0e+00    0.0e+00    0.0e+00    0.0e+00    0.0e+00    0.0e+00    4.2e+01    2.3e+01    1.6e+01    1.3e+01    1.7e+01
0.0e+00    0.0e+00    0.0e+00    0.0e+00    0.0e+00    0.0e+00    0.0e+00    0.0e+00    0.0e+00    0.0e+00    0.0e+00    0.0e+00    0.0e+00    0.0e+00    0.0e+00    0.0e+00    2.3e+01    1.2e+01    6.8e+00    3.0e+00
0.0e+00    0.0e+00    0.0e+00    0.0e+00    0.0e+00    0.0e+00    0.0e+00    0.0e+00    0.0e+00    0.0e+00    0.0e+00    0.0e+00    0.0e+00    0.0e+00    0.0e+00    0.0e+00    0.0e+00    1.6e+01    1.6e+01    5.2e+00
0.0e+00    0.0e+00    0.0e+00    0.0e+00    0.0e+00    0.0e+00    0.0e+00    0.0e+00    0.0e+00    0.0e+00    0.0e+00    0.0e+00    0.0e+00    0.0e+00    0.0e+00    0.0e+00    0.0e+00    0.0e+00    2.1e+01    1.0e+01
0.0e+00    0.0e+00    0.0e+00    0.0e+00    0.0e+00    0.0e+00    0.0e+00    0.0e+00    0.0e+00    0.0e+00    0.0e+00    0.0e+00    0.0e+00    0.0e+00    0.0e+00    0.0e+00    0.0e+00    0.0e+00    0.0e+00    2.7e+01
