91.40  87.20  79.20  76.20  77.20  73.80  69.80  69.80  69.40  70.20  67.60  66.2000  64.8000  61.8000  60.8000  59.0000  60.0000  60.2000  57.2000  56.80
0.00  94.00  89.20  87.20  80.60  78.00  78.40  78.20  78.20  75.80  73.60  74.8000  75.2000  75.6000  77.4000  75.0000  74.8000  73.6000  75.0000  74.00
0.00  0.00  87.80  85.20  83.80  79.00  80.60  74.40  72.60  67.40  66.60  63.2000  60.2000  60.4000  58.0000  59.0000  56.4000  55.4000  53.8000  54.60
0.00  0.00  0.00  87.80  87.80  85.60  80.80  79.60  76.20  77.20  76.00  75.8000  75.4000  76.2000  76.4000  74.6000  75.0000  73.2000  74.2000  72.00
0.00  0.00  0.00  0.00  85.20  85.40  84.60  85.20  86.00  84.00  85.40  85.2000  81.0000  81.2000  79.4000  77.6000  79.4000  78.6000  78.0000  77.60
0.00  0.00  0.00  0.00  0.00  78.60  77.40  76.60  74.80  72.00  70.80  69.8000  69.4000  68.4000  66.6000  66.0000  64.2000  62.8000  63.2000  62.40
0.00  0.00  0.00  0.00  0.00  0.00  82.80  81.20  80.60  77.20  74.20  71.4000  72.8000  69.4000  62.0000  63.0000  63.0000  62.4000  63.2000  57.80
0.00  0.00  0.00  0.00  0.00  0.00  0.00  78.20  78.80  77.60  77.00  77.2000  75.0000  75.4000  73.4000  74.8000  74.2000  72.4000  71.6000  66.60
0.00  0.00  0.00  0.00  0.00  0.00  0.00  0.00  79.60  79.80  78.00  77.2000  75.4000  74.0000  72.0000  71.2000  69.2000  64.8000  66.2000  65.80
0.00  0.00  0.00  0.00  0.00  0.00  0.00  0.00  0.00  76.00  70.40  69.8000  71.2000  70.8000  71.4000  71.4000  70.2000  72.6000  71.2000  67.600
0.00  0.00  0.00  0.00  0.00  0.00  0.00  0.00  0.00  0.00  80.60  80.0000  77.4000  77.0000  74.4000  73.2000  71.8000  70.8000  71.8000  71.00
0.00  0.00  0.00  0.00  0.00  0.00  0.00  0.00  0.00  0.00  0.00  73.0000  77.0000  73.6000  71.2000  68.4000  69.6000  67.2000  68.4000  64.00
0.00  0.00  0.00  0.00  0.00  0.00  0.00  0.00  0.00  0.00  0.00  0.0000  75.0000  74.8000  68.0000  66.4000  65.2000  66.0000  66.2000  67.20
0.00  0.00  0.00  0.00  0.00  0.00  0.00  0.00  0.00  0.00  0.00  0.0000  0.0000  70.4000  72.4000  70.2000  69.6000  69.2000  68.8000  67.00
0.00  0.00  0.00  0.00  0.00  0.00  0.00  0.00  0.00  0.00  0.00  0.0000  0.0000  0.0000  67.6000  68.6000  65.8000  66.4000  65.6000  63.200
0.00  0.00  0.00  0.00  0.00  0.00  0.00  0.00  0.00  0.00  0.00  0.0000  0.0000  0.0000  0.0000  76.8000  76.8000  76.0000  75.0000  73.80
0.00  0.00  0.00  0.00  0.00  0.00  0.00  0.00  0.00  0.00  0.00  0.0000  0.0000  0.0000  0.0000  0.0000  56.8000  63.8000  61.0000  61.80
0.00  0.00  0.00  0.00  0.00  0.00  0.00  0.00  0.00  0.00  0.00  0.0000  0.0000  0.0000  0.0000  0.0000  0.0000  72.2000  73.0000  74.200
0.00  0.00  0.00  0.00  0.00  0.00  0.00  0.00  0.00  0.00  0.00  0.0000  0.0000  0.0000  0.0000  0.0000  0.0000  0.0000  54.6000  60.400
0.00  0.00  0.00  0.00  0.00  0.00  0.00  0.00  0.00  0.00  0.00  0.0000  0.0000  0.0000  0.0000  0.0000  0.0000  0.0000  0.0000  59.00