9.4e+01  5.9e+01  4.0e+01  2.2e+01  1.9e+01  1.7e+01  1.2e+01  1.5e+01  1.3e+01  9.8e+00  1.9e+01  1.4e+01  1.4e+01  9.4e+00  7.2e+00  9.0e+00  1.1e+01  1.0e+01  1.2e+01  1.1e+01
0.0e+00  9.0e+01  6.4e+01  3.2e+01  3.1e+01  3.4e+01  2.2e+01  1.7e+01  1.6e+01  1.4e+01  1.1e+01  1.9e+01  1.2e+01  1.9e+01  1.3e+01  1.2e+01  1.5e+01  1.8e+01  1.1e+01  1.4e+01
0.0e+00  0.0e+00  7.8e+01  4.1e+01  3.2e+01  1.6e+01  1.6e+01  2.6e+01  1.5e+01  1.5e+01  1.0e+01  1.2e+01  8.8e+00  4.0e+00  6.2e+00  7.6e+00  8.4e+00  9.2e+00  8.4e+00  1.1e+01
0.0e+00  0.0e+00  0.0e+00  7.0e+01  3.7e+01  3.9e+01  2.3e+01  2.3e+01  3.7e+01  1.5e+01  1.7e+01  1.2e+01  1.2e+01  8.2e+00  4.2e+00  8.6e+00  1.4e+01  9.8e+00  8.8e+00  8.4e+00
0.0e+00  0.0e+00  0.0e+00  0.0e+00  8.3e+01  4.0e+01  2.4e+01  2.4e+01  1.8e+01  2.4e+01  1.6e+01  1.1e+01  6.8e+00  1.4e+01  1.2e+01  1.2e+01  9.2e+00  1.1e+01  9.4e+00  1.2e+01
0.0e+00  0.0e+00  0.0e+00  0.0e+00  0.0e+00  6.0e+01  3.1e+01  1.2e+01  2.4e+01  1.3e+01  6.8e+00  8.0e+00  1.1e+01  5.4e+00  7.6e+00  9.0e+00  4.2e+00  9.2e+00  6.4e+00  3.2e+00
0.0e+00  0.0e+00  0.0e+00  0.0e+00  0.0e+00  0.0e+00  7.3e+01  3.9e+01  1.4e+01  1.5e+01  1.1e+01  8.4e+00  8.4e+00  7.6e+00  8.8e+00  4.4e+00  4.2e+00  8.6e+00  2.4e+00  4.4e+00
0.0e+00  0.0e+00  0.0e+00  0.0e+00  0.0e+00  0.0e+00  0.0e+00  6.4e+01  3.9e+01  2.7e+01  3.0e+01  1.5e+01  1.8e+01  2.2e+01  1.2e+01  1.2e+01  1.1e+01  1.3e+01  9.8e+00  1.1e+01
0.0e+00  0.0e+00  0.0e+00  0.0e+00  0.0e+00  0.0e+00  0.0e+00  0.0e+00  6.8e+01  3.2e+01  1.9e+01  1.8e+01  1.7e+01  1.4e+01  7.0e+00  4.0e+00  6.6e+00  6.8e+00  4.8e+00  8.4e+00
0.0e+00  0.0e+00  0.0e+00  0.0e+00  0.0e+00  0.0e+00  0.0e+00  0.0e+00  0.0e+00  6.6e+01  2.5e+01  2.0e+01  1.4e+01  1.3e+01  1.5e+01  1.2e+01  1.5e+01  1.2e+01  9.8e+00  1.2e+01
0.0e+00  0.0e+00  0.0e+00  0.0e+00  0.0e+00  0.0e+00  0.0e+00  0.0e+00  0.0e+00  0.0e+00  6.9e+01  4.0e+01  2.5e+01  1.9e+01  2.1e+01  1.4e+01  1.9e+01  1.5e+01  2.3e+01  1.4e+01
0.0e+00  0.0e+00  0.0e+00  0.0e+00  0.0e+00  0.0e+00  0.0e+00  0.0e+00  0.0e+00  0.0e+00  0.0e+00  5.9e+01  3.6e+01  2.4e+01  2.5e+01  1.9e+01  2.1e+01  1.5e+01  1.7e+01  1.1e+01
0.0e+00  0.0e+00  0.0e+00  0.0e+00  0.0e+00  0.0e+00  0.0e+00  0.0e+00  0.0e+00  0.0e+00  0.0e+00  0.0e+00  6.4e+01  3.4e+01  2.2e+01  1.6e+01  1.4e+01  9.0e+00  1.4e+01  1.3e+01
0.0e+00  0.0e+00  0.0e+00  0.0e+00  0.0e+00  0.0e+00  0.0e+00  0.0e+00  0.0e+00  0.0e+00  0.0e+00  0.0e+00  0.0e+00  6.0e+01  3.0e+01  1.9e+01  1.3e+01  6.0e+00  9.6e+00  9.0e+00
0.0e+00  0.0e+00  0.0e+00  0.0e+00  0.0e+00  0.0e+00  0.0e+00  0.0e+00  0.0e+00  0.0e+00  0.0e+00  0.0e+00  0.0e+00  0.0e+00  4.4e+01  2.5e+01  9.4e+00  7.2e+00  1.3e+01  1.1e+01
0.0e+00  0.0e+00  0.0e+00  0.0e+00  0.0e+00  0.0e+00  0.0e+00  0.0e+00  0.0e+00  0.0e+00  0.0e+00  0.0e+00  0.0e+00  0.0e+00  0.0e+00  6.4e+01  2.5e+01  1.4e+01  1.0e+01  1.3e+01
0.0e+00  0.0e+00  0.0e+00  0.0e+00  0.0e+00  0.0e+00  0.0e+00  0.0e+00  0.0e+00  0.0e+00  0.0e+00  0.0e+00  0.0e+00  0.0e+00  0.0e+00  0.0e+00  5.1e+01  2.5e+01  2.5e+01  1.6e+01
0.0e+00  0.0e+00  0.0e+00  0.0e+00  0.0e+00  0.0e+00  0.0e+00  0.0e+00  0.0e+00  0.0e+00  0.0e+00  0.0e+00  0.0e+00  0.0e+00  0.0e+00  0.0e+00  0.0e+00  5.2e+01  1.8e+01  2.6e+01
0.0e+00  0.0e+00  0.0e+00  0.0e+00  0.0e+00  0.0e+00  0.0e+00  0.0e+00  0.0e+00  0.0e+00  0.0e+00  0.0e+00  0.0e+00  0.0e+00  0.0e+00  0.0e+00  0.0e+00  0.0e+00  4.6e+01  2.3e+01
0.0e+00  0.0e+00  0.0e+00  0.0e+00  0.0e+00  0.0e+00  0.0e+00  0.0e+00  0.0e+00  0.0e+00  0.0e+00  0.0e+00  0.0e+00  0.0e+00  0.0e+00  0.0e+00  0.0e+00  0.0e+00  0.0e+00  4.5e+01
